room1: 615.6369 11.7628 21.9722 
room2: 715.0326 8.8172 38.2758 Fail 
room3: 615.9804 7.74 34.2731 
room4: 574.0552 5.5178 17.375 
room5: 723.2479 14.3079 17.2177 Fail 
room6: 1057.975 8.2115 41.9994 
room7: 605.1367 8.3464 26.7287 Fail 
room8: 842.892 11.5664 24.2087 
room9: 971.1857 7.4977 23.7129 
room10: 1226.689 7.2052 46.4128 
room11: 620.3734 7.9976 9.8985 
room12: 595.0483 7.302 12.8891 
room13: 573.7906 6.8297 16.0729 
room14: 647.5494 11.6521 19.9243 
room15: 637.8636 10.4888 25.0492 
room16: 628.1969 9.7486 28.4228 
room17: 656.2946 10.7732 23.0001 
room18: 777.7463 7.6087 24.6899 
room19: 657.8902 9.5253 20.2344 
room20: 614.2679 8.2713 23.8241 
room1: 596.4481 11.1701 20.5907 
room2: 689.6878 6.6647 28.4922 
room1: 596.4481 11.1701 20.6 
room2: 689.6878 6.6647 28.0326 
room3: 621.1404 7.1313 33.7227 
room4: 568.1137 6.016 17.0984 
room5: 576.8224 5.9975 17.7509 
room1: 615.6369 11.7628 21.6713 
room2: 715.0326 8.8172 38.2928 Fail 
room3: 615.9804 7.74 34.3605 
room4: 574.0552 5.5178 17.5914 
room5: 723.2479 14.3079 16.6997 Fail 
room6: 1057.975 8.2115 41.8229 
room7: 605.1367 8.3464 26.371 Fail 
room8: 842.892 11.5664 24.9108 
room9: 971.1857 7.4977 24.8473 
room10: 1226.689 7.2052 46.8691 
room11: 620.3734 7.9976 10.1532 
room12: 595.0483 7.302 13.0714 
room13: 573.7906 6.8297 16.1227 
room14: 647.5494 11.6521 20.0518 
room15: 637.8636 10.4888 25.5958 
room16: 628.1969 9.7486 26.8992 
room17: 656.2946 10.7732 22.54 
room18: 777.7463 7.6087 24.0413 
room19: 657.8902 9.5253 19490.9324 
room1: 861.6131 14.2326 32.576 
room1: 861.6131 14.2326 33.0352 
room1: 861.6131 14.2326 31.1169 
room1: 861.6131 14.2326 31.8686 
room2: 573.9948 5.7872 17.431 
room1: 590.142 6.5968 17.3849 
room2: 591.9607 5.1926 18.6209 
room3: 604.3085 12.9073 20.4943 
room4: 1168.4932 8.1994 33.6071 
room5: 579.7666 4.8777 16.9002 
room6: 655.8092 6.9587 18.9606 
room7: 1074.8093 9.4001 27.4536 Fail 
room8: 1242.8404 4.676 42.3087 
room9: 623.5099 7.3418 8.211 
room10: 595.0483 7.302 10.6925 
room11: 741.2874 10.3877 12.828 
room12: 586.1499 7.0081 12.4004 
room13: 777.183 12.7571 22.2265 Fail 
room14: 670.1869 12.5109 18.8543 Fail 
room15: 642.0682 8.2446 16.8785 
room16: 600.6466 5.636 15.7001 
room17: 616.7402 4.711 15.803 
room18: 606.9809 9.4573 18.1328 Fail 
room19: 413.973 0.0 0.6343 
room20: 413.973 0.0 0.6315 
