trap1: 603.7071 5.8484 10.0257 
trap2: 609.7014 9.1049 14.0143 
trap3: 704.5021 12.9703 14.7607 Fail 
trap4: 540.9882 8.6473 12.003 Fail 
trap5: 954.9484 9.1411 25.7837 
trap6: 565.7818 6.2714 9.529 
trap7: 803.5566 13.6767 17.1519 
trap8: 735.8627 9.7169 27.9159 
trap9: 752.2841 4.4195 27.6766 
trap10: 612.4857 8.0161 12.3835 
trap11: 534.4018 5.9487 4.954 
trap12: 583.0963 8.3532 9.4583 Fail 
trap13: 608.934 7.1893 9.9019 
trap14: 640.735 9.82 10.8143 Fail 
trap15: 541.1809 4.1296 8.871 
trap16: 855.8241 8.5531 17.63 
trap17: 757.0642 9.3558 11.8982 
trap18: 784.9485 7.1107 7.8326 
trap19: 628.315 8.6932 8.4771 
trap20: 978.7163 13.8428 16.3082 Fail 
trap1: 603.7071 5.8484 10.3706 
trap2: 714.1878 15.2305 10.994 
trap3: 706.9267 11.3875 15.3928 
trap4: 555.3146 8.4059 15.8435 
trap5: 710.8802 2.4655 21.0606 
trap6: 600.7612 14.381 10.1837 
trap7: 709.7832 10.1982 15.8666 
