
dense1: 685.3959 14.3327 22.0752 
dense2: 527.4993 6.4542 9.6375 
dense3: 559.7629 10.9345 13.4071 Fail 
dense4: 662.2887 12.2628 11.7615 Fail 
dense5: 627.6104 9.2239 24.1146 
dense6: 1168.515 9.4303 24.7858 
dense7: 516.0636 3.6334 9.7574 Fail 
dense8: 717.7091 10.432 22.3075 Fail 
dense9: 557.9195 7.0734 10.2567 
dense10: 1058.2571 15.0804 22.3683 
dense11: 512.8795 7.3112 9.2811 
dense12: 673.4458 16.6234 19.3208 Fail 
dense13: 568.9632 10.5413 14.0071 
dense14: 508.4328 4.8452 7.046 
dense15: 546.2307 9.2609 10.0875 
dense16: 538.8623 5.1277 9.685 
dense17: 546.489 12.625 14.275 
dense18: 509.8621 5.2591 9.9623 
dense19: 526.8417 6.1055 14.559 
dense20: 518.0138 5.3057 8.3169 

Bound 30
dense1: 672.8093 12.425 24.9104 
dense2: 536.8193 8.2205 8.9992 
dense3: 561.5131 7.0825 17.4919 Fail 
dense4: 747.5692 10.8838 14.0844 Fail 
dense5: 576.5356 10.4039 13.4096 
dense6: 1170.7573 8.5513 26.5215 
dense7: 584.8036 14.8094 9.9804 Fail 
dense8: 582.9699 6.0027 11.6994 Fail 
dense9: 1028.6275 17.2539 16.0782 
dense10: 524.1661 7.2555 6.8638 
dense11: 554.9873 5.3929 12.3405 Fail 
dense12: 583.2227 9.1602 23.0451 Fail 
dense13: 505.2565 4.9732 7.8786 
dense14: 534.461 5.8996 14.5808 Fail 
dense15: 641.1267 14.0589 13.6723 Fail 
dense16: 525.0619 2.8128 8.442 
dense17: 511.3144 7.1587 7.3576 
dense18: 529.3032 6.7495 14.2327 Fail 
dense19: 531.4281 7.6152 8.0331 
dense20: 413.973 0.0 0.6285 
dense1: 726.0164 21.4313 31.5633 
dense2: 520.8007 6.1663 10.8444 
dense1: 726.0164 21.4313 31.56 
dense2: 520.8007 6.1663 8.5172 
dense3: 687.4431 12.0892 11.2359 
dense4: 609.2156 9.1322 18.7606 
dense5: 1192.8975 10.6284 22.7107 
dense6: 536.0883 6.6677 8.0089 
dense7: 564.1482 6.1883 7.5592 
dense8: 953.085 13.4723 15.1613 
dense9: 524.1661 7.2555 7.1214 
dense10: 550.3663 7.5692 9.4758 
dense11: 565.6797 10.0725 9.4279 
dense12: 500.2321 4.9798 5.9947 
dense13: 520.5627 5.5443 12.8806 
dense14: 543.7816 5.733 7.2006 
dense15: 563.3709 11.0909 9.8783 
dense16: 516.6876 4.9016 8.4955 
dense17: 526.3304 12.0155 12.6917 
dense18: 513.4716 4.2307 6.5774 
dense19: 413.973 0.0 0.6355 
dense20: 413.973 0.0 0.6225 
